0.803662 0.981136 0.369132 0.498354 0.067417 0.422276 0
0.193649 0.519878 0.563662 0.385040 0.395856 0.553702 1
0.353233 0.059994 0.534671 0.952161 0.245603 0.661871 1
0.807844 0.065858 0.878722 0.467325 0.743167 0.179488 1
0.080759 0.547340 0.385102 0.297765 0.033439 0.389591 0
0.852762 0.233002 0.854950 0.393176 0.153687 0.331072 0
0.990439 0.024766 0.840315 0.781559 0.989145 0.590250 1
0.789280 0.151726 0.362757 0.729702 0.603019 0.407630 1
0.043634 0.000459 0.393417 0.849023 0.507342 0.440948 0
0.157783 0.039594 0.636134 0.853263 0.446433 0.816156 1
0.831422 0.387378 0.265973 0.020566 0.570112 0.102036 0
0.474762 0.814433 0.710705 0.154202 0.160961 0.120790 0
0.223385 0.245726 0.549084 0.242753 0.152291 0.435995 0
0.172154 0.122386 0.508996 0.645416 0.622478 0.522734 1
0.359798 0.052724 0.060253 0.499422 0.733064 0.267465 0
0.619274 0.189138 0.406118 0.232300 0.459636 0.659042 0
0.639527 0.501506 0.979046 0.943030 0.201164 0.457331 1
0.208213 0.910542 0.953414 0.671509 0.290860 0.865424 1
0.393453 0.397436 0.041926 0.416876 0.978251 0.585167 0
0.352840 0.019615 0.162845 0.642887 0.602894 0.904657 1
0.375133 0.267069 0.728082 0.972202 0.718709 0.408076 1
0.795811 0.756764 0.708524 0.147342 0.711857 0.262471 1
0.047895 0.712569 0.955355 0.568113 0.128960 0.860783 1
0.123399 0.341165 0.603489 0.229249 0.869332 0.866295 1
0.284762 0.911175 0.355780 0.923674 0.514343 0.805962 1
0.239609 0.529031 0.664460 0.077863 0.054638 0.571951 1
0.289130 0.853551 0.338590 0.175211 0.321176 0.231951 0
0.384724 0.593798 0.125148 0.100025 0.899154 0.751918 1
0.072888 0.748325 0.504053 0.869402 0.217107 0.845758 1
0.542845 0.895434 0.427314 0.508583 0.329240 0.844736 1
0.261068 0.247908 0.310235 0.496927 0.421863 0.861802 0
0.174037 0.174472 0.186228 0.405183 0.047277 0.374637 0
0.339091 0.275485 0.075566 0.879784 0.924691 0.148136 0
0.228510 0.716542 0.051951 0.476475 0.469443 0.355583 0
0.183961 0.427054 0.455724 0.374900 0.841133 0.666640 0
0.799760 0.817405 0.894587 0.461287 0.973770 0.254942 1
0.935059 0.361923 0.376521 0.870782 0.720704 0.623521 1
0.239174 0.480799 0.128249 0.558850 0.416688 0.854294 0
0.754956 0.935551 0.719092 0.983202 0.522552 0.389685 1
0.314488 0.249691 0.217221 0.233531 0.622024 0.458223 0